1.875e-05 0.00039375 0 4
1.875e-05 0.00043125 0 4
5.625e-05 0.00039375 0 4
5.625e-05 0.00043125 0 4
1.875e-05 0.00046875 0 4
1.875e-05 0.00050625 0 4
5.625e-05 0.00046875 0 4
5.625e-05 0.00050625 0 4
1.875e-05 0.00054375 0 4
1.875e-05 0.00058125 0 4
5.625e-05 0.00054375 0 4
5.625e-05 0.00058125 0 4
9.375e-05 0.00054375 0 4
9.375e-05 0.00058125 0 4
0.00013125 0.00054375 0 4
0.00013125 0.00058125 0 4
9.375e-06 0.000346875 0 5
9.375e-06 0.000365625 0 5
2.8125e-05 0.000346875 0 5
2.8125e-05 0.000365625 0 5
4.6875e-05 0.000346875 0 5
4.6875e-05 0.000365625 0 5
6.5625e-05 0.000346875 0 5
6.5625e-05 0.000365625 0 5
8.4375e-05 0.000346875 0 5
8.4375e-05 0.000365625 0 5
0.000103125 0.000346875 0 5
0.000103125 0.000365625 0 5
0.000121875 0.000346875 0 5
0.000121875 0.000365625 0 5
0.000140625 0.000346875 0 5
0.000140625 0.000365625 0 5
0.000159375 0.000346875 0 5
0.000159375 0.000365625 0 5
0.000178125 0.000346875 0 5
0.000178125 0.000365625 0 5
0.000159375 0.000384375 0 5
0.000159375 0.000403125 0 5
0.000178125 0.000384375 0 5
0.000178125 0.000403125 0 5
0.000159375 0.000421875 0 5
0.000159375 0.000440625 0 5
0.000178125 0.000421875 0 5
0.000178125 0.000440625 0 5
0.000154687 0.000285937 0 6
0.000154687 0.000295312 0 6
0.000164062 0.000285937 0 6
0.000164062 0.000295312 0 6
0.000173437 0.000285937 0 6
0.000173437 0.000295312 0 6
0.000182812 0.000285937 0 6
0.000182812 0.000295312 0 6
0.000192187 0.000285937 0 6
0.000192187 0.000295312 0 6
0.000201562 0.000285937 0 6
0.000201562 0.000295312 0 6
0.000192187 0.000304687 0 6
0.000192187 0.000314062 0 6
0.000201562 0.000304687 0 6
0.000201562 0.000314062 0 6
0.000192187 0.000323437 0 6
0.000192187 0.000332812 0 6
0.000201562 0.000323437 0 6
0.000201562 0.000332812 0 6
0.000192187 0.000342187 0 6
0.000192187 0.000351562 0 6
0.000201562 0.000342187 0 6
0.000201562 0.000351562 0 6
0.000192187 0.000360937 0 6
0.000192187 0.000370312 0 6
0.000201562 0.000360937 0 6
0.000201562 0.000370312 0 6
0.000192187 0.000379687 0 6
0.000192187 0.000389062 0 6
0.000201562 0.000379687 0 6
0.000201562 0.000389062 0 6
0.000192187 0.000398437 0 6
0.000192187 0.000407812 0 6
0.000201562 0.000398437 0 6
0.000201562 0.000407812 0 6
0.000192187 0.000417187 0 6
0.000192187 0.000426562 0 6
0.000201562 0.000417187 0 6
0.000201562 0.000426562 0 6
0.000192187 0.000435937 0 6
0.000192187 0.000445312 0 6
0.000201562 0.000435937 0 6
0.000201562 0.000445312 0 6
0.000210937 0.000435937 0 6
0.000210937 0.000445312 0 6
0.000220312 0.000435937 0 6
0.000220312 0.000445312 0 6
0.000152344 0.000255469 0 7
0.000152344 0.000260156 0 7
0.000157031 0.000255469 0 7
0.000157031 0.000260156 0 7
0.000161719 0.000255469 0 7
0.000161719 0.000260156 0 7
0.000166406 0.000255469 0 7
0.000166406 0.000260156 0 7
0.000171094 0.000255469 0 7
0.000171094 0.000260156 0 7
0.000175781 0.000255469 0 7
0.000175781 0.000260156 0 7
0.000180469 0.000255469 0 7
0.000180469 0.000260156 0 7
0.000185156 0.000255469 0 7
0.000185156 0.000260156 0 7
0.000189844 0.000255469 0 7
0.000189844 0.000260156 0 7
0.000194531 0.000255469 0 7
0.000194531 0.000260156 0 7
0.000199219 0.000255469 0 7
0.000199219 0.000260156 0 7
0.000203906 0.000255469 0 7
0.000203906 0.000260156 0 7
0.000208594 0.000255469 0 7
0.000208594 0.000260156 0 7
0.000213281 0.000255469 0 7
0.000213281 0.000260156 0 7
0.000217969 0.000255469 0 7
0.000217969 0.000260156 0 7
0.000222656 0.000255469 0 7
0.000222656 0.000260156 0 7
0.000227344 0.000255469 0 7
0.000227344 0.000260156 0 7
0.000232031 0.000255469 0 7
0.000232031 0.000260156 0 7
0.000227344 0.000264844 0 7
0.000227344 0.000269531 0 7
0.000232031 0.000264844 0 7
0.000232031 0.000269531 0 7
0.000227344 0.000274219 0 7
0.000227344 0.000278906 0 7
0.000232031 0.000274219 0 7
0.000232031 0.000278906 0 7
0.000227344 0.000283594 0 7
0.000227344 0.000288281 0 7
0.000232031 0.000283594 0 7
0.000232031 0.000288281 0 7
0.000227344 0.000292969 0 7
0.000227344 0.000297656 0 7
0.000232031 0.000292969 0 7
0.000232031 0.000297656 0 7
0.000227344 0.000302344 0 7
0.000227344 0.000307031 0 7
0.000232031 0.000302344 0 7
0.000232031 0.000307031 0 7
0.000227344 0.000311719 0 7
0.000227344 0.000316406 0 7
0.000232031 0.000311719 0 7
0.000232031 0.000316406 0 7
0.000227344 0.000321094 0 7
0.000227344 0.000325781 0 7
0.000232031 0.000321094 0 7
0.000232031 0.000325781 0 7
0.000227344 0.000330469 0 7
0.000227344 0.000335156 0 7
0.000232031 0.000330469 0 7
0.000232031 0.000335156 0 7
0.000227344 0.000339844 0 7
0.000227344 0.000344531 0 7
0.000232031 0.000339844 0 7
0.000232031 0.000344531 0 7
0.000227344 0.000349219 0 7
0.000227344 0.000353906 0 7
0.000232031 0.000349219 0 7
0.000232031 0.000353906 0 7
0.000227344 0.000358594 0 7
0.000227344 0.000363281 0 7
0.000232031 0.000358594 0 7
0.000232031 0.000363281 0 7
0.000227344 0.000367969 0 7
0.000227344 0.000372656 0 7
0.000232031 0.000367969 0 7
0.000232031 0.000372656 0 7
0.000151172 0.000240234 0 8
0.000151172 0.000242578 0 8
0.000153516 0.000240234 0 8
0.000153516 0.000242578 0 8
0.000155859 0.000240234 0 8
0.000155859 0.000242578 0 8
0.000158203 0.000240234 0 8
0.000158203 0.000242578 0 8
0.000160547 0.000240234 0 8
0.000160547 0.000242578 0 8
0.000162891 0.000240234 0 8
0.000162891 0.000242578 0 8
0.000165234 0.000240234 0 8
0.000165234 0.000242578 0 8
0.000167578 0.000240234 0 8
0.000167578 0.000242578 0 8
0.000169922 0.000240234 0 8
0.000169922 0.000242578 0 8
0.000172266 0.000240234 0 8
0.000172266 0.000242578 0 8
0.000174609 0.000240234 0 8
0.000174609 0.000242578 0 8
0.000176953 0.000240234 0 8
0.000176953 0.000242578 0 8
0.000179297 0.000240234 0 8
0.000179297 0.000242578 0 8
0.000181641 0.000240234 0 8
0.000181641 0.000242578 0 8
0.000183984 0.000240234 0 8
0.000183984 0.000242578 0 8
0.000186328 0.000240234 0 8
0.000186328 0.000242578 0 8
0.000188672 0.000240234 0 8
0.000188672 0.000242578 0 8
0.000191016 0.000240234 0 8
0.000191016 0.000242578 0 8
0.000193359 0.000240234 0 8
0.000193359 0.000242578 0 8
0.000195703 0.000240234 0 8
0.000195703 0.000242578 0 8
0.000198047 0.000240234 0 8
0.000198047 0.000242578 0 8
0.000200391 0.000240234 0 8
0.000200391 0.000242578 0 8
0.000202734 0.000240234 0 8
0.000202734 0.000242578 0 8
0.000205078 0.000240234 0 8
0.000205078 0.000242578 0 8
0.000207422 0.000240234 0 8
0.000207422 0.000242578 0 8
0.000209766 0.000240234 0 8
0.000209766 0.000242578 0 8
0.000212109 0.000240234 0 8
0.000212109 0.000242578 0 8
0.000214453 0.000240234 0 8
0.000214453 0.000242578 0 8
0.000216797 0.000240234 0 8
0.000216797 0.000242578 0 8
0.000219141 0.000240234 0 8
0.000219141 0.000242578 0 8
0.000221484 0.000240234 0 8
0.000221484 0.000242578 0 8
0.000223828 0.000240234 0 8
0.000223828 0.000242578 0 8
0.000226172 0.000240234 0 8
0.000226172 0.000242578 0 8
0.000228516 0.000240234 0 8
0.000228516 0.000242578 0 8
0.000230859 0.000240234 0 8
0.000230859 0.000242578 0 8
0.000233203 0.000240234 0 8
0.000233203 0.000242578 0 8
0.000235547 0.000240234 0 8
0.000235547 0.000242578 0 8
0.000237891 0.000240234 0 8
0.000237891 0.000242578 0 8
0.000240234 0.000240234 0 8
0.000240234 0.000242578 0 8
0.000242578 0.000240234 0 8
0.000242578 0.000242578 0 8
0.000244922 0.000240234 0 8
0.000244922 0.000242578 0 8
0.000247266 0.000240234 0 8
0.000247266 0.000242578 0 8
0.000244922 0.000244922 0 8
0.000244922 0.000247266 0 8
0.000247266 0.000244922 0 8
0.000247266 0.000247266 0 8
0.000244922 0.000249609 0 8
0.000244922 0.000251953 0 8
0.000247266 0.000249609 0 8
0.000247266 0.000251953 0 8
0.000244922 0.000254297 0 8
0.000244922 0.000256641 0 8
0.000247266 0.000254297 0 8
0.000247266 0.000256641 0 8
0.000244922 0.000258984 0 8
0.000244922 0.000261328 0 8
0.000247266 0.000258984 0 8
0.000247266 0.000261328 0 8
0.000244922 0.000263672 0 8
0.000244922 0.000266016 0 8
0.000247266 0.000263672 0 8
0.000247266 0.000266016 0 8
0.000244922 0.000268359 0 8
0.000244922 0.000270703 0 8
0.000247266 0.000268359 0 8
0.000247266 0.000270703 0 8
0.000244922 0.000273047 0 8
0.000244922 0.000275391 0 8
0.000247266 0.000273047 0 8
0.000247266 0.000275391 0 8
0.000244922 0.000277734 0 8
0.000244922 0.000280078 0 8
0.000247266 0.000277734 0 8
0.000247266 0.000280078 0 8
0.000244922 0.000282422 0 8
0.000244922 0.000284766 0 8
0.000247266 0.000282422 0 8
0.000247266 0.000284766 0 8
0.000244922 0.000287109 0 8
0.000244922 0.000289453 0 8
0.000247266 0.000287109 0 8
0.000247266 0.000289453 0 8
0.000244922 0.000291797 0 8
0.000244922 0.000294141 0 8
0.000247266 0.000291797 0 8
0.000247266 0.000294141 0 8
0.000244922 0.000296484 0 8
0.000244922 0.000298828 0 8
0.000247266 0.000296484 0 8
0.000247266 0.000298828 0 8
0.000244922 0.000301172 0 8
0.000244922 0.000303516 0 8
0.000247266 0.000301172 0 8
0.000247266 0.000303516 0 8
0.000244922 0.000305859 0 8
0.000244922 0.000308203 0 8
0.000247266 0.000305859 0 8
0.000247266 0.000308203 0 8
0.000244922 0.000310547 0 8
0.000244922 0.000312891 0 8
0.000247266 0.000310547 0 8
0.000247266 0.000312891 0 8
0.000244922 0.000315234 0 8
0.000244922 0.000317578 0 8
0.000247266 0.000315234 0 8
0.000247266 0.000317578 0 8
0.000244922 0.000319922 0 8
0.000244922 0.000322266 0 8
0.000247266 0.000319922 0 8
0.000247266 0.000322266 0 8
0.000244922 0.000324609 0 8
0.000244922 0.000326953 0 8
0.000247266 0.000324609 0 8
0.000247266 0.000326953 0 8
0.000244922 0.000329297 0 8
0.000244922 0.000331641 0 8
0.000247266 0.000329297 0 8
0.000247266 0.000331641 0 8
0.000244922 0.000333984 0 8
0.000244922 0.000336328 0 8
0.000247266 0.000333984 0 8
0.000247266 0.000336328 0 8
0.000244922 0.000338672 0 8
0.000244922 0.000341016 0 8
0.000247266 0.000338672 0 8
0.000247266 0.000341016 0 8
0.000244922 0.000343359 0 8
0.000244922 0.000345703 0 8
0.000247266 0.000343359 0 8
0.000247266 0.000345703 0 8
0.000244922 0.000348047 0 8
0.000244922 0.000350391 0 8
0.000247266 0.000348047 0 8
0.000247266 0.000350391 0 8
0.000244922 0.000352734 0 8
0.000244922 0.000355078 0 8
0.000247266 0.000352734 0 8
0.000247266 0.000355078 0 8
0.000244922 0.000357422 0 8
0.000244922 0.000359766 0 8
0.000247266 0.000357422 0 8
0.000247266 0.000359766 0 8
0.000244922 0.000362109 0 8
0.000244922 0.000364453 0 8
0.000247266 0.000362109 0 8
0.000247266 0.000364453 0 8
0.000244922 0.000366797 0 8
0.000244922 0.000369141 0 8
0.000247266 0.000366797 0 8
0.000247266 0.000369141 0 8
0.000244922 0.000371484 0 8
0.000244922 0.000373828 0 8
0.000247266 0.000371484 0 8
0.000247266 0.000373828 0 8
0.000150586 0.000237305 0 9
0.000150586 0.000238477 0 9
0.000151758 0.000237305 0 9
0.000151758 0.000238477 0 9
0.00015293 0.000237305 0 9
0.00015293 0.000238477 0 9
0.000154102 0.000237305 0 9
0.000154102 0.000238477 0 9
0.000155273 0.000237305 0 9
0.000155273 0.000238477 0 9
0.000156445 0.000237305 0 9
0.000156445 0.000238477 0 9
0.000157617 0.000237305 0 9
0.000157617 0.000238477 0 9
0.000158789 0.000237305 0 9
0.000158789 0.000238477 0 9
0.000159961 0.000237305 0 9
0.000159961 0.000238477 0 9
0.000161133 0.000237305 0 9
0.000161133 0.000238477 0 9
0.000162305 0.000237305 0 9
0.000162305 0.000238477 0 9
0.000163477 0.000237305 0 9
0.000163477 0.000238477 0 9
0.000164648 0.000237305 0 9
0.000164648 0.000238477 0 9
0.00016582 0.000237305 0 9
0.00016582 0.000238477 0 9
0.000166992 0.000237305 0 9
0.000166992 0.000238477 0 9
0.000168164 0.000237305 0 9
0.000168164 0.000238477 0 9
0.000169336 0.000237305 0 9
0.000169336 0.000238477 0 9
0.000170508 0.000237305 0 9
0.000170508 0.000238477 0 9
0.00017168 0.000237305 0 9
0.00017168 0.000238477 0 9
0.000172852 0.000237305 0 9
0.000172852 0.000238477 0 9
0.000174023 0.000237305 0 9
0.000174023 0.000238477 0 9
0.000175195 0.000237305 0 9
0.000175195 0.000238477 0 9
0.000176367 0.000237305 0 9
0.000176367 0.000238477 0 9
0.000177539 0.000237305 0 9
0.000177539 0.000238477 0 9
0.000178711 0.000237305 0 9
0.000178711 0.000238477 0 9
0.000179883 0.000237305 0 9
0.000179883 0.000238477 0 9
0.000181055 0.000237305 0 9
0.000181055 0.000238477 0 9
0.000182227 0.000237305 0 9
0.000182227 0.000238477 0 9
0.000183398 0.000237305 0 9
0.000183398 0.000238477 0 9
0.00018457 0.000237305 0 9
0.00018457 0.000238477 0 9
0.000185742 0.000237305 0 9
0.000185742 0.000238477 0 9
0.000186914 0.000237305 0 9
0.000186914 0.000238477 0 9
0.000188086 0.000237305 0 9
0.000188086 0.000238477 0 9
0.000189258 0.000237305 0 9
0.000189258 0.000238477 0 9
0.00019043 0.000237305 0 9
0.00019043 0.000238477 0 9
0.000191602 0.000237305 0 9
0.000191602 0.000238477 0 9
0.000192773 0.000237305 0 9
0.000192773 0.000238477 0 9
0.000193945 0.000237305 0 9
0.000193945 0.000238477 0 9
0.000195117 0.000237305 0 9
0.000195117 0.000238477 0 9
0.000196289 0.000237305 0 9
0.000196289 0.000238477 0 9
0.000197461 0.000237305 0 9
0.000197461 0.000238477 0 9
0.000198633 0.000237305 0 9
0.000198633 0.000238477 0 9
0.000199805 0.000237305 0 9
0.000199805 0.000238477 0 9
0.000200977 0.000237305 0 9
0.000200977 0.000238477 0 9
0.000202148 0.000237305 0 9
0.000202148 0.000238477 0 9
0.00020332 0.000237305 0 9
0.00020332 0.000238477 0 9
0.000204492 0.000237305 0 9
0.000204492 0.000238477 0 9
0.000205664 0.000237305 0 9
0.000205664 0.000238477 0 9
0.000206836 0.000237305 0 9
0.000206836 0.000238477 0 9
0.000208008 0.000237305 0 9
0.000208008 0.000238477 0 9
0.00020918 0.000237305 0 9
0.00020918 0.000238477 0 9
0.000210352 0.000237305 0 9
0.000210352 0.000238477 0 9
0.000211523 0.000237305 0 9
0.000211523 0.000238477 0 9
0.000212695 0.000237305 0 9
0.000212695 0.000238477 0 9
0.000213867 0.000237305 0 9
0.000213867 0.000238477 0 9
0.000215039 0.000237305 0 9
0.000215039 0.000238477 0 9
0.000216211 0.000237305 0 9
0.000216211 0.000238477 0 9
0.000217383 0.000237305 0 9
0.000217383 0.000238477 0 9
0.000218555 0.000237305 0 9
0.000218555 0.000238477 0 9
0.000219727 0.000237305 0 9
0.000219727 0.000238477 0 9
0.000220898 0.000237305 0 9
0.000220898 0.000238477 0 9
0.00022207 0.000237305 0 9
0.00022207 0.000238477 0 9
0.000223242 0.000237305 0 9
0.000223242 0.000238477 0 9
0.000224414 0.000237305 0 9
0.000224414 0.000238477 0 9
0.000225586 0.000237305 0 9
0.000225586 0.000238477 0 9
0.000226758 0.000237305 0 9
0.000226758 0.000238477 0 9
0.00022793 0.000237305 0 9
0.00022793 0.000238477 0 9
0.000229102 0.000237305 0 9
0.000229102 0.000238477 0 9
0.000230273 0.000237305 0 9
0.000230273 0.000238477 0 9
0.000231445 0.000237305 0 9
0.000231445 0.000238477 0 9
0.000232617 0.000237305 0 9
0.000232617 0.000238477 0 9
0.000233789 0.000237305 0 9
0.000233789 0.000238477 0 9
0.000234961 0.000237305 0 9
0.000234961 0.000238477 0 9
0.000236133 0.000237305 0 9
0.000236133 0.000238477 0 9
0.000237305 0.000237305 0 9
0.000237305 0.000238477 0 9
0.000238477 0.000237305 0 9
0.000238477 0.000238477 0 9
0.000239648 0.000237305 0 9
0.000239648 0.000238477 0 9
0.00024082 0.000237305 0 9
0.00024082 0.000238477 0 9
0.000241992 0.000237305 0 9
0.000241992 0.000238477 0 9
0.000243164 0.000237305 0 9
0.000243164 0.000238477 0 9
0.000244336 0.000237305 0 9
0.000244336 0.000238477 0 9
0.000245508 0.000237305 0 9
0.000245508 0.000238477 0 9
0.00024668 0.000237305 0 9
0.00024668 0.000238477 0 9
0.000247852 0.000237305 0 9
0.000247852 0.000238477 0 9
0.000249023 0.000237305 0 9
0.000249023 0.000238477 0 9
0.000250195 0.000237305 0 9
0.000250195 0.000238477 0 9
0.000249023 0.000239648 0 9
0.000249023 0.00024082 0 9
0.000250195 0.000239648 0 9
0.000250195 0.00024082 0 9
0.000249023 0.000241992 0 9
0.000249023 0.000243164 0 9
0.000250195 0.000241992 0 9
0.000250195 0.000243164 0 9
0.000249023 0.000244336 0 9
0.000249023 0.000245508 0 9
0.000250195 0.000244336 0 9
0.000250195 0.000245508 0 9
0.000249023 0.00024668 0 9
0.000249023 0.000247852 0 9
0.000250195 0.00024668 0 9
0.000250195 0.000247852 0 9
0.000249023 0.000249023 0 9
0.000249023 0.000250195 0 9
0.000250195 0.000249023 0 9
0.000250195 0.000250195 0 9
0.000249023 0.000251367 0 9
0.000249023 0.000252539 0 9
0.000250195 0.000251367 0 9
0.000250195 0.000252539 0 9
0.000249023 0.000253711 0 9
0.000249023 0.000254883 0 9
0.000250195 0.000253711 0 9
0.000250195 0.000254883 0 9
0.000249023 0.000256055 0 9
0.000249023 0.000257227 0 9
0.000250195 0.000256055 0 9
0.000250195 0.000257227 0 9
0.000249023 0.000258398 0 9
0.000249023 0.00025957 0 9
0.000250195 0.000258398 0 9
0.000250195 0.00025957 0 9
0.000249023 0.000260742 0 9
0.000249023 0.000261914 0 9
0.000250195 0.000260742 0 9
0.000250195 0.000261914 0 9
0.000249023 0.000263086 0 9
0.000249023 0.000264258 0 9
0.000250195 0.000263086 0 9
0.000250195 0.000264258 0 9
0.000249023 0.00026543 0 9
0.000249023 0.000266602 0 9
0.000250195 0.00026543 0 9
0.000250195 0.000266602 0 9
0.000249023 0.000267773 0 9
0.000249023 0.000268945 0 9
0.000250195 0.000267773 0 9
0.000250195 0.000268945 0 9
0.000249023 0.000270117 0 9
0.000249023 0.000271289 0 9
0.000250195 0.000270117 0 9
0.000250195 0.000271289 0 9
0.000249023 0.000272461 0 9
0.000249023 0.000273633 0 9
0.000250195 0.000272461 0 9
0.000250195 0.000273633 0 9
0.000249023 0.000274805 0 9
0.000249023 0.000275977 0 9
0.000250195 0.000274805 0 9
0.000250195 0.000275977 0 9
0.000249023 0.000277148 0 9
0.000249023 0.00027832 0 9
0.000250195 0.000277148 0 9
0.000250195 0.00027832 0 9
0.000249023 0.000279492 0 9
0.000249023 0.000280664 0 9
0.000250195 0.000279492 0 9
0.000250195 0.000280664 0 9
0.000249023 0.000281836 0 9
0.000249023 0.000283008 0 9
0.000250195 0.000281836 0 9
0.000250195 0.000283008 0 9
0.000249023 0.00028418 0 9
0.000249023 0.000285352 0 9
0.000250195 0.00028418 0 9
0.000250195 0.000285352 0 9
0.000249023 0.000286523 0 9
0.000249023 0.000287695 0 9
0.000250195 0.000286523 0 9
0.000250195 0.000287695 0 9
0.000249023 0.000288867 0 9
0.000249023 0.000290039 0 9
0.000250195 0.000288867 0 9
0.000250195 0.000290039 0 9
0.000249023 0.000291211 0 9
0.000249023 0.000292383 0 9
0.000250195 0.000291211 0 9
0.000250195 0.000292383 0 9
0.000249023 0.000293555 0 9
0.000249023 0.000294727 0 9
0.000250195 0.000293555 0 9
0.000250195 0.000294727 0 9
0.000249023 0.000295898 0 9
0.000249023 0.00029707 0 9
0.000250195 0.000295898 0 9
0.000250195 0.00029707 0 9
0.000249023 0.000298242 0 9
0.000249023 0.000299414 0 9
0.000250195 0.000298242 0 9
0.000250195 0.000299414 0 9
0.000249023 0.000300586 0 9
0.000249023 0.000301758 0 9
0.000250195 0.000300586 0 9
0.000250195 0.000301758 0 9
0.000249023 0.00030293 0 9
0.000249023 0.000304102 0 9
0.000250195 0.00030293 0 9
0.000250195 0.000304102 0 9
0.000249023 0.000305273 0 9
0.000249023 0.000306445 0 9
0.000250195 0.000305273 0 9
0.000250195 0.000306445 0 9
0.000249023 0.000307617 0 9
0.000249023 0.000308789 0 9
0.000250195 0.000307617 0 9
0.000250195 0.000308789 0 9
0.000249023 0.000309961 0 9
0.000249023 0.000311133 0 9
0.000250195 0.000309961 0 9
0.000250195 0.000311133 0 9
0.000249023 0.000312305 0 9
0.000249023 0.000313477 0 9
0.000250195 0.000312305 0 9
0.000250195 0.000313477 0 9
0.000249023 0.000314648 0 9
0.000249023 0.00031582 0 9
0.000250195 0.000314648 0 9
0.000250195 0.00031582 0 9
0.000249023 0.000316992 0 9
0.000249023 0.000318164 0 9
0.000250195 0.000316992 0 9
0.000250195 0.000318164 0 9
0.000249023 0.000319336 0 9
0.000249023 0.000320508 0 9
0.000250195 0.000319336 0 9
0.000250195 0.000320508 0 9
0.000249023 0.00032168 0 9
0.000249023 0.000322852 0 9
0.000250195 0.00032168 0 9
0.000250195 0.000322852 0 9
0.000249023 0.000324023 0 9
0.000249023 0.000325195 0 9
0.000250195 0.000324023 0 9
0.000250195 0.000325195 0 9
0.000249023 0.000326367 0 9
0.000249023 0.000327539 0 9
0.000250195 0.000326367 0 9
0.000250195 0.000327539 0 9
0.000249023 0.000328711 0 9
0.000249023 0.000329883 0 9
0.000250195 0.000328711 0 9
0.000250195 0.000329883 0 9
0.000249023 0.000331055 0 9
0.000249023 0.000332227 0 9
0.000250195 0.000331055 0 9
0.000250195 0.000332227 0 9
0.000249023 0.000333398 0 9
0.000249023 0.00033457 0 9
0.000250195 0.000333398 0 9
0.000250195 0.00033457 0 9
0.000249023 0.000335742 0 9
0.000249023 0.000336914 0 9
0.000250195 0.000335742 0 9
0.000250195 0.000336914 0 9
0.000249023 0.000338086 0 9
0.000249023 0.000339258 0 9
0.000250195 0.000338086 0 9
0.000250195 0.000339258 0 9
0.000249023 0.00034043 0 9
0.000249023 0.000341602 0 9
0.000250195 0.00034043 0 9
0.000250195 0.000341602 0 9
0.000249023 0.000342773 0 9
0.000249023 0.000343945 0 9
0.000250195 0.000342773 0 9
0.000250195 0.000343945 0 9
0.000249023 0.000345117 0 9
0.000249023 0.000346289 0 9
0.000250195 0.000345117 0 9
0.000250195 0.000346289 0 9
0.000249023 0.000347461 0 9
0.000249023 0.000348633 0 9
0.000250195 0.000347461 0 9
0.000250195 0.000348633 0 9
0.000249023 0.000349805 0 9
0.000249023 0.000350977 0 9
0.000250195 0.000349805 0 9
0.000250195 0.000350977 0 9
0.000249023 0.000352148 0 9
0.000249023 0.00035332 0 9
0.000250195 0.000352148 0 9
0.000250195 0.00035332 0 9
0.000249023 0.000354492 0 9
0.000249023 0.000355664 0 9
0.000250195 0.000354492 0 9
0.000250195 0.000355664 0 9
0.000249023 0.000356836 0 9
0.000249023 0.000358008 0 9
0.000250195 0.000356836 0 9
0.000250195 0.000358008 0 9
0.000249023 0.00035918 0 9
0.000249023 0.000360352 0 9
0.000250195 0.00035918 0 9
0.000250195 0.000360352 0 9
0.000249023 0.000361523 0 9
0.000249023 0.000362695 0 9
0.000250195 0.000361523 0 9
0.000250195 0.000362695 0 9
0.000249023 0.000363867 0 9
0.000249023 0.000365039 0 9
0.000250195 0.000363867 0 9
0.000250195 0.000365039 0 9
0.000249023 0.000366211 0 9
0.000249023 0.000367383 0 9
0.000250195 0.000366211 0 9
0.000250195 0.000367383 0 9
0.000249023 0.000368555 0 9
0.000249023 0.000369727 0 9
0.000250195 0.000368555 0 9
0.000250195 0.000369727 0 9
0.000249023 0.000370898 0 9
0.000249023 0.00037207 0 9
0.000250195 0.000370898 0 9
0.000250195 0.00037207 0 9
0.000249023 0.000373242 0 9
0.000249023 0.000374414 0 9
0.000250195 0.000373242 0 9
0.000250195 0.000374414 0 9
